18995 11918 3580 27683 13963 23081 4731 15605 19557 5610 
9358 32509 17611 31615 26807 12291 9332 17044 9864 28068 
30104 25426 28947 19447 21506 16933 13217 32625 32615 18627 
30375 24070 26614 4202 28917 31633 26928 360 14641 25974 
9978 3041 11140 16774 16625 24013 22419 21539 20477 14912 
2737 12708 25129 21998 19026 7931 26802 23790 21187 26004 
19549 1470 28185 7809 7182 21896 14184 14549 2455 31139 
7733 16205 10446 23133 15917 8502 9442 19192 24343 650 
24559 31474 12551 22365 12495 3210 6356 20087 13108 29823 
8397 20291 24051 1819 25000 3816 21411 22128 30651 181 
